toDegrees = 57.2957795131
toRadians = 0.01745329251	
Width = 100
Height = 30
HBoxSpacing = 20
HBoxSpacingDirectional = 15
