toDegrees = 57.2957795131
toRadians = 0.01745329251	
